0.281616
2.578069
0.296217
0.019747
-2.533638
-0.159913
-0.613127
0.514093
0.367218
-0.970539
-0.066449
0.511777
-0.429557
0.245765
-0.279496
-0.927643
-0.589538
0.515439
0.643101
-0.338110
-0.352883
0.234549
-0.686050
-0.501968
1.255643
-0.203752
-0.537168
1.234649
0.210440
0.012057
1.471119
-0.368734
-0.385283
1.253910
0.647895
0.125917
1.113103
-0.224308
-0.038985
0.757305
0.214423
0.069863
-0.696061
-0.165844
-0.333919
-0.574305
-0.534349
-0.179683
-0.507092
-0.056717
-0.148521
-0.451747
0.096848
-0.111928
0.021635
0.459518
0.273291
0.095600
0.015164
-0.189353
-0.657922
0.378511
0.066373
-0.395470
-0.289493
-1.344005
-1.179932
0.200476
1.598149
1.841457
1.215975
-1.153592
-0.900355
-0.188971
-0.959412
0.445743
