0.435741
2.467740
-0.096577
-0.166671
2.425634
0.207804
0.387998
0.403790
0.443006
0.019021
-0.000360
0.062197
-1.024692
-0.031947
0.213969
0.390125
-0.427417
-0.467040
1.561110
0.111737
-0.195707
-1.374607
-0.359652
-0.398584
-0.079518
0.562303
-0.239637
-0.437157
-0.259033
0.086513
-1.000834
-0.160132
-0.262007
1.464401
0.039461
-0.308708
-0.105359
-0.000999
0.509616
0.249604
0.195742
0.174243
0.723804
0.400629
-0.413539
-0.007750
-0.447005
-0.272897
1.325938
-0.383867
0.364794
-1.326042
-0.273068
0.462645
-0.802427
-0.071421
0.454291
0.248239
0.055913
-0.170406
-0.036736
-0.208744
0.119164
0.916340
-0.425915
0.136105
-1.034552
1.972018
0.265421
-1.698214
-0.314511
0.454357
1.756828
-0.791584
-0.653131
0.047321
